${PDS3_HOLDINGS_DIR}/calibrated/COISS_2xxx/COISS_2021/data/1521798868_1521893025/N1521879918_2_CALIB.IMG,N1521879918, 0.09000,  1.13738,  -7.000,  28.000,  -7.478,  27.863,  6.40551
${PDS3_HOLDINGS_DIR}/calibrated/COISS_2xxx/COISS_2069/data/1689632036_1690197264/N1690179268_1_CALIB.IMG,N1690179268, 0.09000,  1.13738,   4.000, -13.000,   3.866, -12.700,  8.28303
${PDS3_HOLDINGS_DIR}/calibrated/COISS_2xxx/COISS_2116/data/1882056692_1882170221/N1882162175_1_CALIB.IMG,N1882162175, 0.09000,  1.13738,  -6.000,  45.000,  -5.838,  44.889, 10.11837
${PDS3_HOLDINGS_DIR}/calibrated/COISS_2xxx/COISS_2024/data/1533001485_1533946355/N1533083950_1_CALIB.IMG,N1533083950, 0.09000,  1.13738, -12.000,  32.000, -12.218,  32.188,  9.75475
${PDS3_HOLDINGS_DIR}/calibrated/COISS_2xxx/COISS_2024/data/1533001485_1533946355/N1533085770_1_CALIB.IMG,N1533085770, 0.09000,  1.13738,  -1.000,  30.000,  -1.275,  29.812,  9.30572
${PDS3_HOLDINGS_DIR}/calibrated/COISS_2xxx/COISS_2024/data/1533001485_1533946355/N1533087950_1_CALIB.IMG,N1533087950, 0.09000,  1.13738,  -5.000,  17.000,  -5.370,  16.777,  9.26154
${PDS3_HOLDINGS_DIR}/calibrated/COISS_2xxx/COISS_2024/data/1533001485_1533946355/N1533089530_1_CALIB.IMG,N1533089530, 0.09000,  1.13738,  -9.000,  -1.000,  -9.184,  -0.662,  9.30487
${PDS3_HOLDINGS_DIR}/calibrated/COISS_2xxx/COISS_2024/data/1533001485_1533946355/N1533091390_1_CALIB.IMG,N1533091390, 0.09000,  1.13738,  -2.000,  -3.000,  -2.110,  -3.200,  9.70512
${PDS3_HOLDINGS_DIR}/calibrated/COISS_2xxx/COISS_2024/data/1533001485_1533946355/N1533093210_1_CALIB.IMG,N1533093210, 0.09000,  1.13738,  -9.000,   0.000,  -8.647,   0.225,  9.24066
${PDS3_HOLDINGS_DIR}/calibrated/COISS_2xxx/COISS_2024/data/1533001485_1533946355/N1533095070_1_CALIB.IMG,N1533095070, 0.09000,  1.13738,  -5.000,   4.000,  -5.095,   4.425, 12.23596
